@startuml
c200 <- c191
c200 <- c174
c200 <- s151
c201 <- c175
c204 <- c175
c204 <- m154
c229 <- c175
c229 <- c201
c256 <- c174
c261 <- s151
c261 <- c204
c267 <- 174
c267 <- m154
c267 <- c175
c267 <- c272
c267 <- m125
c267 <- s151
c272 <- c174
c291 <- c175
c291 <- c272
c291 <- c201
c301 <- c201
c303 <- 201
c304 <- c204
c304 <- s151
c304 <- m225
c307 <- c206
c308 <- c201
c308 <- 206
c308 <- m125
c308 <- s151
c312 <- c275
c312 <- c340
c313 <- c201
c313 <- c204
c313 <- c229
c313 <- s252
c325 <- c201
c325 <- c204
c325 <- c229
c325 <- m125
c328 <- c175
c328 <- m154
c328 <- m125
c328 <- s151
c329 <- c229
c331 <- c201
c331 <- c272
c333 <- c201
c340 <- c204
c340 <- m125
c340 <- m214
c340 <- s151
c350 <- c201
c350 <- c204
c361 <- c201
c361 <- m125
c361 <- c204
c365 <- c175
c365 <- c267
c366 <- c204
c366 <- c272
c367 <- c204
c367 <- c267
c367 <- m156
c379 <- c201
c379 <- c204
c379 <- c229
c382 <- c201
c382 <- c229
c391 <- c201
c391 <- c204
c391 <- c291
c401 <- c301
c402 <- c301
c403 <- c201
c403 <- c204
c404 <- c301
c404 <- c291
c410 <- c301
c410 <- c391
c411 <- c204
c411 <- c301
c411 <- c340
c411 <-m214
c412 <- c201
c412 <- c204
c412 <- c340
c412 <- m214
c414 <- c306or307or411
c415 <- c229
c416 <- c201
c416 <- c272
c428 <- c201
c428 <- c340
c428 <- m156
c428 <- m125
c429 <- c201
c429 <- c229
c461 <- c201
c463 <- c340
c463 <- s151
c466 <- c204
c466 <- m125
c466 <- c267
c469 <- c267
c469 <- c365
c469 <- c366
c470 <- physl372
c470 <- pmcol371
c470 <- peds302
c470 <- c340
c474 <- c204
c474 <- c229
c474 <- m225
c481 <- c379
@enduml
